1.328320145606994629e+00
-4.093573093414306641e-01
-2.003725290298461914e+00
1.017248779535293579e-01
1.031462311744689941e+00
6.126965880393981934e-01
8.298211693763732910e-01
-5.523137748241424561e-03
1.385270953178405762e-01
-2.568686962127685547e+00
3.579730689525604248e-01
-2.026724100112915039e+00
-4.665026366710662842e-01
1.746810078620910645e+00
-1.621016263961791992e+00
-1.211859464645385742e+00
1.162061929702758789e+00
-8.855037689208984375e-01
-9.733349084854125977e-02
7.952358722686767578e-01
-8.125613331794738770e-01
8.705465197563171387e-01
-5.851670503616333008e-01
1.310554146766662598e+00
-7.826998233795166016e-01
-2.510408163070678711e-01
7.311741709709167480e-01
-6.523955464363098145e-01
-2.835086882114410400e-01
1.164210885763168335e-01
-5.217404663562774658e-02
-4.559491276741027832e-01
1.646497964859008789e+00
-3.558868169784545898e-01
-3.224779367446899414e-01
-2.283707708120346069e-01
-4.867079854011535645e-01
3.281434997916221619e-02
-1.067966818809509277e+00
-3.393674194812774658e-01
-1.105318665504455566e+00
9.392200708389282227e-01
5.940368175506591797e-01
-9.562036991119384766e-01
-4.129107892513275146e-01
8.426475524902343750e-01
-1.111474037170410156e+00
6.042071580886840820e-01
1.769276738166809082e+00
9.648150801658630371e-01
-1.325014531612396240e-01
3.980806767940521240e-01
1.250052928924560547e+00
-1.284382343292236328e+00
-5.679860115051269531e-01
-1.005753040313720703e+00
-1.067042350769042969e+00
3.199454247951507568e-01
1.671892523765563965e+00
4.771429896354675293e-01
-1.132114171981811523e+00
3.606976568698883057e-01
-1.228889226913452148e+00
1.220934316515922546e-01
2.377783209085464478e-01
1.767941415309906006e-01
-1.713997125625610352e+00
5.310589075088500977e-01
-1.826057672500610352e+00
3.720778465270996094e+00
5.714129209518432617e-01
-5.389671921730041504e-01
9.280782341957092285e-01
-5.597714781761169434e-01
8.378098607063293457e-01
-1.022611737251281738e+00
-1.689744144678115845e-01
1.107038140296936035e+00
6.056512594223022461e-01
5.092808604240417480e-01
1.323585748672485352e+00
8.247190117835998535e-01
-7.713060975074768066e-01
1.248947262763977051e+00
6.745500564575195312e-01
-1.628627777099609375e+00
-1.472915768623352051e+00
-5.127365589141845703e-01
3.825178146362304688e-01
7.827146351337432861e-02
-4.520203471183776855e-01
-5.697739496827125549e-02
4.529834538698196411e-02
-1.330623149871826172e+00
-1.395924091339111328e+00
-6.811456084251403809e-01
-1.873888254165649414e+00
6.036801338195800781e-01
2.438809871673583984e+00
-1.219100356101989746e+00
7.668351531028747559e-01
3.366292476654052734e+00
-1.240999698638916016e+00
9.274483919143676758e-01
-3.857816457748413086e-01
-1.041053771972656250e+00
1.587960422039031982e-01
-3.808140754699707031e-02
5.089607089757919312e-02
-2.899082005023956299e-01
5.354796648025512695e-01
-5.837378501892089844e-01
1.130802989006042480e+00
1.516305655241012573e-01
-5.716382861137390137e-01
1.267277717590332031e+00
-7.380731105804443359e-01
2.446610182523727417e-01
-1.031365036964416504e+00
1.046817898750305176e+00
-2.501685023307800293e-01
-1.471382826566696167e-01
8.506813645362854004e-01
4.807609319686889648e-01
-1.997295260429382324e+00
6.194303631782531738e-01
4.342802464962005615e-01
-6.640737056732177734e-01
-2.917173206806182861e-01
5.192103385925292969e-01
-1.275806188583374023e+00
5.676077604293823242e-01
-1.738593131303787231e-01
1.269923448562622070e+00
4.610009193420410156e-01
-6.682136654853820801e-01
-6.920610666275024414e-01
-9.652551412582397461e-01
4.209741353988647461e-01
-1.766202569007873535e+00
-9.116946458816528320e-01
8.315162658691406250e-01
2.000807821750640869e-01
3.981792032718658447e-01
-1.485900640487670898e+00
2.552509903907775879e-01
9.873974919319152832e-01
-5.794630050659179688e-01
3.652912378311157227e-02
4.464033842086791992e-01
5.395783185958862305e-01
-5.729901194572448730e-01
-8.364142179489135742e-01
-1.419600099325180054e-01
4.097302854061126709e-01
-2.979925870895385742e-01
1.007866144180297852e+00
2.356009185314178467e-01
8.666306734085083008e-03
1.258416175842285156e-01
1.187350749969482422e+00
-4.923640489578247070e-01
1.655622601509094238e+00
-6.755225658416748047e-01
3.217374682426452637e-01
5.568901300430297852e-01
2.932525873184204102e-01
1.055260747671127319e-01
-1.152588725090026855e-01
-7.757079601287841797e-01
-1.391094326972961426e-01
-1.762801170349121094e+00
1.084203422069549561e-01
9.100294113159179688e-02
-7.425113916397094727e-01
-1.334570884704589844e+00
1.690833330154418945e+00
9.778755307197570801e-01
3.191625475883483887e-01
-2.105133831501007080e-01
4.210328161716461182e-01
-1.541588068008422852e+00
9.645412564277648926e-01
-2.160526037216186523e+00
1.007099300622940063e-01
-4.593971371650695801e-01
-1.180737733840942383e+00
8.298761844635009766e-01
-7.959512472152709961e-01
4.795292615890502930e-01
1.602987408638000488e+00
5.017190575599670410e-01
-1.031019806861877441e+00
4.574908316135406494e-02
5.554701685905456543e-01
-1.960097908973693848e+00
-5.606634616851806641e-01
6.546430289745330811e-02
7.363698482513427734e-01
9.080842137336730957e-02
6.021326780319213867e-01
-1.212824821472167969e+00
1.504394531250000000e+00
3.055114150047302246e-01
1.054963767528533936e-01
-1.207855820655822754e+00
-1.485965996980667114e-01
1.269716978073120117e+00
4.378635883331298828e-01
1.682048678398132324e+00
-4.280962347984313965e-01
2.071590662002563477e+00
3.577255904674530029e-01
-2.025577068328857422e+00
-3.553158342838287354e-01
1.324808835983276367e+00
-1.979307174682617188e+00
1.466352581977844238e+00
4.040401279926300049e-01
-2.511470317840576172e+00
-4.186361432075500488e-01
5.275174379348754883e-01
-6.652709841728210449e-02
2.629031240940093994e-01
-2.868578210473060608e-02
5.518155694007873535e-01
-1.008248329162597656e-01
-7.836716771125793457e-01
3.267948329448699951e-02
-6.453502774238586426e-01
3.275150656700134277e-01
-3.542298376560211182e-01
7.773105502128601074e-01
-1.878086090087890625e+00
4.064832925796508789e-01
2.063112258911132812e-01
1.719553023576736450e-01
2.942342162132263184e-01
-1.097846388816833496e+00
4.005715250968933105e-01
-1.906769514083862305e+00
-9.918012619018554688e-01
-1.433076262474060059e+00
1.643507331609725952e-01
-5.866732597351074219e-01
-1.714262247085571289e+00
1.769913434982299805e-01
3.803899884223937988e-02
4.575853347778320312e-01
-5.890937447547912598e-01
-2.841640710830688477e-01
-1.522471308708190918e+00
9.078179597854614258e-01
3.241775929927825928e-01
-5.274598672986030579e-02
2.530992031097412109e-01
-5.138788223266601562e-01
1.020216822624206543e+00
2.342565804719924927e-01
3.281870186328887939e-01
-2.049951553344726562e+00
-9.048315286636352539e-01
8.774014115333557129e-01
-2.024142980575561523e+00
-5.920420885086059570e-01
-6.205534934997558594e-01
-8.225467801094055176e-02
3.571472167968750000e-01
1.127454638481140137e-02
-2.181756734848022461e+00
-7.473243474960327148e-01
3.025498390197753906e-01
3.899639844894409180e-02
1.347587227821350098e+00
-1.952834010124206543e+00
-3.439057767391204834e-01
-1.336113661527633667e-01
1.446204423904418945e+00
1.676659822463989258e+00
2.663261890411376953e-01
5.453682541847229004e-01
4.922937452793121338e-01
1.368512153625488281e+00
9.756724834442138672e-01
-8.740262985229492188e-01
1.419102549552917480e-01
-1.304356455802917480e+00
7.159059047698974609e-01
4.203501939773559570e-01
-6.087284684181213379e-01
3.894487023353576660e-01
1.371726989746093750e-01
-5.522748231887817383e-01
-4.442966580390930176e-01
7.921279668807983398e-01
1.731770515441894531e+00
7.715336084365844727e-01
1.205102801322937012e+00
-8.456135392189025879e-01
-1.824897527694702148e-01
-5.148305892944335938e-01
5.571798086166381836e-01
6.819030046463012695e-01
4.920760691165924072e-01
1.775616049766540527e+00
1.616726040840148926e+00
2.253630608320236206e-01
-2.594991326332092285e-01
-1.682570695877075195e+00
8.738687634468078613e-01
-9.078969955444335938e-01
2.487867027521133423e-01
-1.519218385219573975e-01
3.548470139503479004e-01
-1.577706933021545410e-01
-8.988490104675292969e-01
-1.924132704734802246e-01
2.162999659776687622e-02
1.424113065004348755e-01
5.087734386324882507e-02
-5.720961838960647583e-02
-9.333457946777343750e-01
7.093282341957092285e-01
-1.812920123338699341e-01
2.360720872879028320e+00
2.664782702922821045e-01
-3.251007497310638428e-01
6.955087184906005859e-01
-6.501606106758117676e-01
-1.484955847263336182e-01
4.302869141101837158e-01
2.699142098426818848e-01
-7.717221975326538086e-01
1.310747861862182617e+00
5.493774265050888062e-02
-9.969819188117980957e-01
4.652773439884185791e-01
1.520456433296203613e+00
5.005542039871215820e-01
-8.859507441520690918e-01
1.560285091400146484e-01
-3.320098161697387695e+00
5.744193121790885925e-02
6.715759038925170898e-01
-1.904887676239013672e+00
-3.774410188198089600e-01
-8.451276421546936035e-01
-7.832022905349731445e-01
7.502035498619079590e-01
-4.928202629089355469e-01
-1.241288542747497559e+00
-1.381226181983947754e+00
-5.447696447372436523e-01
-2.422572523355484009e-01
-2.048561334609985352e+00
1.266021013259887695e+00
2.058190405368804932e-01
2.837070822715759277e-01
-3.450018763542175293e-01
-7.280507087707519531e-01
-5.486096143722534180e-01
-5.175921320915222168e-02
-1.917853020131587982e-02
-7.329830527305603027e-01
-3.469064831733703613e-01
-7.937686443328857422e-01
1.227503418922424316e+00
-2.318893969058990479e-01
-4.925780743360519409e-02
-1.830142855644226074e+00
4.333101511001586914e-01
5.954679250717163086e-01
-1.379971742630004883e+00
6.720477938652038574e-01
1.912625432014465332e+00
1.882113516330718994e-01
1.112048029899597168e+00
-1.553366541862487793e+00
-1.648350119590759277e+00
5.111266374588012695e-01
-2.356934309005737305e+00
7.159828543663024902e-01
1.035796284675598145e+00
-2.932943403720855713e-01
-1.159060835838317871e+00
2.119994014501571655e-01
1.733284473419189453e+00
3.104634881019592285e-01
-2.136789798736572266e+00
-1.770277976989746094e+00
-5.037958621978759766e-01
6.898589134216308594e-01
-1.320331543684005737e-01
2.443106621503829956e-01
-9.512863159179687500e-01
-1.706676632165908813e-01
-2.096278190612792969e+00
-1.465366721153259277e+00
1.306244134902954102e+00
-1.255297422409057617e+00
-2.084714174270629883e+00
-7.268494367599487305e-01
-1.773221492767333984e-01
-2.752098143100738525e-01
-1.541011929512023926e+00
9.247239679098129272e-02
-4.086898863315582275e-01
-7.971776723861694336e-01
2.905591428279876709e-01
-1.120108440518379211e-01
-5.639081448316574097e-02
-2.555782794952392578e-01
3.691074252128601074e-01
4.271990656852722168e-01
8.283959031105041504e-01
-1.082440018653869629e+00
4.651284217834472656e-01
1.825501769781112671e-01
-6.490977406501770020e-01
-1.195947408676147461e+00
-2.651551663875579834e-01
1.389682292938232422e+00
5.734691619873046875e-01
-1.135978817939758301e+00
-2.868330180644989014e-01
-1.330434322357177734e+00
7.273302078247070312e-01
4.048169031739234924e-02
3.790359795093536377e-01
-8.031526207923889160e-01
-5.753570199012756348e-01
-8.902850151062011719e-01
1.360296130180358887e+00
-2.111922025680541992e+00
7.804800570011138916e-02
-7.373881340026855469e-02
1.976067870855331421e-01
4.989594221115112305e-01
-8.780734241008758545e-02
7.811895608901977539e-01
-3.022006154060363770e-01
-1.379721999168395996e+00
-9.301670193672180176e-01
6.275849938392639160e-01
-1.237373590469360352e+00
-8.925144076347351074e-01
1.565309524536132812e+00
-7.535585165023803711e-01
-1.582105159759521484e+00
3.142550289630889893e-01
-1.221770524978637695e+00
1.200714111328125000e+00
-1.184917926788330078e+00
-1.063095629215240479e-01
9.836776256561279297e-01
-3.168487548828125000e-01
2.601338028907775879e-01
-4.530141055583953857e-01
4.103732109069824219e-01
4.090771377086639404e-01
1.263456702232360840e+00
-4.077548980712890625e-01
-5.670188069343566895e-01
1.149625539779663086e+00
9.575064182281494141e-01
4.432293176651000977e-01
-6.867754459381103516e-01
2.157897949218750000e+00
6.446751356124877930e-01
1.129203677177429199e+00
-1.451434135437011719e+00
8.113996982574462891e-01
7.570064067840576172e-02
1.636003255844116211e+00
-8.177250623703002930e-03
1.012229204177856445e+00
-2.709089040756225586e+00
7.613314390182495117e-01
5.371124744415283203e-01
5.485283732414245605e-01
2.297047674655914307e-01
6.900255084037780762e-01
-9.606310725212097168e-02
2.035797357559204102e+00
7.710955142974853516e-01
5.735886693000793457e-01
2.131977081298828125e-01
9.337924122810363770e-01
1.465218901634216309e+00
7.138650417327880859e-01
1.741806745529174805e+00
-7.455927133560180664e-01
4.825753569602966309e-01
-7.594197988510131836e-01
-7.972958683967590332e-01
-1.114300727844238281e+00
6.443895101547241211e-01
4.953752458095550537e-02
-1.174982905387878418e+00
-3.677013516426086426e-01
4.474105536937713623e-01
-6.172836422920227051e-01
-1.050422191619873047e+00
5.078223347663879395e-01
5.960788130760192871e-01
9.454731941223144531e-01
2.051018238067626953e+00
1.060360908508300781e+00
1.465850234031677246e+00
-5.149896740913391113e-01
-2.054266035556793213e-01
1.005918145179748535e+00
-1.363723427057266235e-01
-5.386472344398498535e-01
-3.537683486938476562e+00
-7.266994714736938477e-01
-7.399492263793945312e-01
2.350571155548095703e-01
4.436519742012023926e-01
-1.107172608375549316e+00
8.559005856513977051e-01
-2.104353904724121094e+00
5.832643508911132812e-01
-6.146922111511230469e-01
-1.035057902336120605e-01
-3.069846332073211670e-01
-4.924179911613464355e-01
-7.058033943176269531e-01
1.737797737121582031e+00
-1.579684495925903320e+00
3.882564902305603027e-01
-6.141068339347839355e-01
-2.279444694519042969e+00
3.570566773414611816e-01
-7.932681441307067871e-01
1.059724450111389160e+00
-5.998192429542541504e-01
6.115511655807495117e-01
9.758892655372619629e-01
-3.784129023551940918e-01
1.528812289237976074e+00
1.852799504995346069e-01
-3.119657188653945923e-02
-6.748987436294555664e-01
5.722014904022216797e-01
-1.096483230590820312e+00
1.641824841499328613e-03
-4.472323656082153320e-01
-2.527846813201904297e+00
5.968161225318908691e-01
5.011020898818969727e-01
-7.035559415817260742e-01
4.847572445869445801e-01
-7.699683308601379395e-02
1.082953095436096191e+00
-7.298993319272994995e-02
1.137693166732788086e+00
7.792650461196899414e-01
-1.538745403289794922e+00
1.070158600807189941e+00
1.283717274665832520e+00
1.365520238876342773e+00
-7.266419529914855957e-01
-5.899399518966674805e-01
4.241154491901397705e-01
7.706018686294555664e-01
-7.456616163253784180e-01
-9.428737759590148926e-01
-2.171023607254028320e+00
-3.936495184898376465e-01
7.218302488327026367e-01
2.804275155067443848e-01
-1.250379085540771484e+00
8.004537969827651978e-02
-9.860281348228454590e-01
-4.128232598304748535e-03
-4.274715781211853027e-01
1.640181392431259155e-01
-9.020970463752746582e-01
-9.967299699783325195e-01
-9.905948638916015625e-01
1.061841607093811035e+00
4.289134442806243896e-01
-4.751515388488769531e-01
6.133202314376831055e-01
-3.387267291545867920e-01
5.120244026184082031e-01
-1.095838189125061035e+00
7.656469345092773438e-01
1.539524435997009277e+00
8.125910162925720215e-01
5.197036266326904297e-01
-5.036787390708923340e-01
-5.365845561027526855e-01
-2.478041887283325195e+00
1.682326793670654297e+00
4.037610888481140137e-01
-1.290045499801635742e+00
-8.186409473419189453e-01
-1.232594490051269531e+00
-1.365792274475097656e+00
1.061780214309692383e+00
-6.629083156585693359e-01
-1.771384179592132568e-01
-8.541672229766845703e-01
-9.720256924629211426e-01
-1.911449581384658813e-01
-9.168646931648254395e-01
-1.849325418472290039e+00
1.566449046134948730e+00
1.827009081840515137e+00
-7.449467182159423828e-01
9.520975947380065918e-01
2.309994697570800781e+00
2.444333732128143311e-01
9.091277122497558594e-01
-1.188921570777893066e+00
-6.335129141807556152e-01
6.695817708969116211e-01
3.015364408493041992e-01
1.547165036201477051e+00
7.370190620422363281e-01
3.190584182739257812e-01
-2.448543906211853027e-01
-3.260575532913208008e-01
-1.793030202388763428e-01
-5.976012945175170898e-01
4.765809774398803711e-01
1.080197572708129883e+00
1.086634993553161621e+00
-1.900001615285873413e-01
1.627355217933654785e+00
-6.021841764450073242e-01
-4.831054508686065674e-01
9.248312115669250488e-01
-6.567599773406982422e-01
-1.491728305816650391e+00
1.988907009363174438e-01
8.523866534233093262e-01
-1.848317623138427734e+00
-8.223325014114379883e-01
8.747761696577072144e-02
-7.594735622406005859e-01
-3.917621076107025146e-01
-5.117818713188171387e-01
4.588668048381805420e-01
-1.124624133110046387e+00
-1.175205826759338379e+00
-6.607397198677062988e-01
-3.856578171253204346e-01
-3.237864077091217041e-01
-5.717118382453918457e-01
-6.480937004089355469e-01
1.748517632484436035e+00
3.332161307334899902e-01
-2.416310310363769531e-01
-1.063663959503173828e-01
-4.958071112632751465e-01
-4.346844851970672607e-01
1.972625553607940674e-01
-4.650996029376983643e-01
1.718214005231857300e-01
6.145657896995544434e-01
-1.652593135833740234e+00
8.532280325889587402e-01
-1.009088516235351562e+00
-8.889995813369750977e-01
-9.178286790847778320e-01
2.212372064590454102e+00
-3.168776035308837891e-01
2.291262447834014893e-01
2.884613275527954102e-01
-8.226924538612365723e-01
-1.487820148468017578e+00
-4.448075890541076660e-01
-2.125134468078613281e+00
1.330782651901245117e+00
1.004310011863708496e+00
6.687821149826049805e-01
1.137075901031494141e+00
-7.965713739395141602e-01
9.673065543174743652e-01
2.970943748950958252e-01
-2.038229227066040039e+00
-2.387767732143402100e-01
3.307268023490905762e-01
-5.480355024337768555e-02
3.996292054653167725e-01
1.478208422660827637e+00
-9.515758752822875977e-01
-2.796086668968200684e-01
8.380010724067687988e-02
1.701334953308105469e+00
-1.305104732513427734e+00
-1.378579497337341309e+00
-1.598062038421630859e+00
6.609556078910827637e-02
-3.509429395198822021e-01
-8.760284185409545898e-01
1.575005292892456055e+00
1.188789010047912598e+00
-3.450535535812377930e-01
1.038693428039550781e+00
8.685701489448547363e-01
2.988713234663009644e-02
1.155583620071411133e+00
-3.343651294708251953e-01
-1.028874874114990234e+00
-1.256415009498596191e+00
-1.671066135168075562e-01
9.301380068063735962e-02
-9.594398140907287598e-01
5.987076163291931152e-01
-1.192746162414550781e+00
8.017297983169555664e-01
-1.008749157190322876e-01
1.311713576316833496e+00
-6.076645851135253906e-01
-7.469695806503295898e-01
-1.229622289538383484e-01
1.520457863807678223e+00
1.503458142280578613e+00
-1.773459672927856445e+00
5.800868570804595947e-02
4.661236107349395752e-01
-6.161093115806579590e-01
-3.227884173393249512e-01
2.645902633666992188e+00
-1.468442559242248535e+00
3.805954456329345703e-01
-1.536598503589630127e-01
-2.578609585762023926e-01
7.494236230850219727e-01
-1.425340890884399414e+00
-4.700965881347656250e-01
3.506067991256713867e-01
-9.989661574363708496e-01
7.375619411468505859e-01
5.276352167129516602e-03
-1.333364129066467285e+00
6.433044075965881348e-01
-4.825935363769531250e-01
-2.585960626602172852e-01
-1.320635318756103516e+00
-9.287469983100891113e-01
4.679330289363861084e-01
-1.664685606956481934e-01
2.194487750530242920e-01
1.929584890604019165e-01
6.024148464202880859e-01
3.642343878746032715e-01
7.275832295417785645e-01
-6.085268259048461914e-01
-1.608815789222717285e+00
-8.922116756439208984e-01
1.609679758548736572e-01
1.022838473320007324e+00
-3.147520720958709717e-01
-3.035500645637512207e-01
-3.996256589889526367e-01
1.357214808464050293e+00
1.362698078155517578e+00
-3.748582899570465088e-01
4.598492383956909180e-01
2.905681848526000977e+00
1.757207155227661133e+00
5.441046357154846191e-01
-1.068168133497238159e-01
3.621377348899841309e-01
1.275129914283752441e+00
6.623433232307434082e-01
5.718494951725006104e-02
-1.366156339645385742e+00
-1.989913344383239746e+00
3.405362069606781006e-01
-1.484514117240905762e+00
3.040154278278350830e-01
2.381321936845779419e-01
-9.683808684349060059e-01
-1.343775391578674316e+00
1.423689365386962891e+00
-1.265349864959716797e+00
-5.746129751205444336e-01
8.174914717674255371e-01
4.792585372924804688e-01
1.025855541229248047e-01
-2.300364971160888672e+00
-5.654083490371704102e-01
-2.866716682910919189e-02
-8.729249238967895508e-03
1.318349838256835938e+00
1.542398452758789062e+00
7.861010432243347168e-01
3.514024615287780762e-01
1.771569967269897461e+00
9.808285832405090332e-01
-1.127299904823303223e+00
-1.543153882026672363e+00
1.390833854675292969e+00
3.401810228824615479e-01
7.824596166610717773e-01
2.133474946022033691e-01
-5.332263112068176270e-01
1.841382145881652832e+00
-1.138946294784545898e+00
-2.188344597816467285e-01
-3.997926712036132812e-01
1.080971479415893555e+00
6.011279821395874023e-01
2.469422340393066406e+00
-1.733537197113037109e+00
2.874262630939483643e-01
-2.521879076957702637e-01
-2.271715104579925537e-01
-1.240122675895690918e+00
1.456445813179016113e+00
-3.957218825817108154e-01
1.174460291862487793e+00
9.532702565193176270e-01
3.628934174776077271e-02
-1.041007041931152344e+00
1.333227038383483887e+00
-1.737142562866210938e+00
-1.544047951698303223e+00
-1.602807283401489258e+00
2.005802989006042480e-01
-2.840537428855895996e-01
-6.706852316856384277e-01
-5.576014518737792969e-05
6.488109827041625977e-01
1.080606460571289062e+00
4.864660799503326416e-01
1.302280664443969727e+00
-9.425444602966308594e-01
8.620794415473937988e-01
-2.772008478641510010e-01
-2.390926927328109741e-01
9.426722526550292969e-01
1.173957228660583496e+00
2.118067294359207153e-01
-5.041579008102416992e-01
-5.658069252967834473e-01
6.366255283355712891e-01
-1.236534863710403442e-01
-2.184571027755737305e-01
-1.139866590499877930e+00
6.297634840011596680e-01
6.818358898162841797e-01
7.709307670593261719e-01
2.463069200515747070e+00
-5.324107408523559570e-01
-6.431613564491271973e-01
1.546890139579772949e-01
-1.958402037620544434e+00
-1.262400448322296143e-01
8.660490512847900391e-01
-1.670427441596984863e+00
-6.778587102890014648e-01
-3.859572410583496094e-01
-8.423188328742980957e-02
-7.667652368545532227e-01
-5.075994729995727539e-01
-4.586322307586669922e-01
-4.014685153961181641e-01
-2.056156098842620850e-02
-6.669505834579467773e-01
-8.994238376617431641e-01
3.904533386230468750e-02
-9.771544933319091797e-01
-5.903021693229675293e-01
-1.224926471710205078e+00
2.579975873231887817e-02
-2.105057835578918457e-01
-2.237583398818969727e-01
3.521870076656341553e-01
-3.348018229007720947e-01
4.321999549865722656e-01
-1.950545549392700195e+00
-8.454643487930297852e-01
1.553914994001388550e-01
-1.739241600036621094e+00
-8.640732765197753906e-01
1.498567938804626465e+00
9.447085261344909668e-01
-2.427351236343383789e+00
4.637748003005981445e-03
7.599952816963195801e-01
8.835532665252685547e-01
5.549912452697753906e-01
9.629430174827575684e-01
-8.922183513641357422e-01
4.528533816337585449e-01
-1.335824370384216309e+00
3.095696866512298584e-01
1.047825217247009277e+00
-9.834874868392944336e-01
-2.052051782608032227e+00
1.653978079557418823e-01
-3.037897348403930664e-01
6.350629329681396484e-01
-4.831449389457702637e-01
-1.148312211036682129e+00
-1.456545352935791016e+00
5.121771097183227539e-01
-5.698670148849487305e-01
4.915444850921630859e-01
8.589766174554824829e-02
-1.969064772129058838e-02
5.117436498403549194e-02
-1.353917717933654785e-01
1.052459716796875000e+00
-6.824197173118591309e-01
-2.664497375488281250e+00
-2.426155805587768555e+00
1.465365767478942871e+00
8.094791173934936523e-01
-1.391636490821838379e+00
1.059138178825378418e+00
-7.871542572975158691e-01
7.819867134094238281e-01
8.297659158706665039e-01
-1.311835169792175293e+00
-1.407438516616821289e+00
4.115051031112670898e-02
4.230675995349884033e-01
7.826850414276123047e-01
2.396115541458129883e+00
1.791016161441802979e-01
-1.677645742893218994e-01
3.879174590110778809e-01
-1.167811751365661621e+00
1.100007072091102600e-01
8.921252489089965820e-01
6.983669996261596680e-01
-4.394998550415039062e-01
1.291555047035217285e+00
1.462539434432983398e+00
-4.496484100818634033e-01
-5.270922780036926270e-01
5.184655189514160156e-01
-5.209731459617614746e-01
-2.221956253051757812e+00
1.692571491003036499e-02
-8.747493624687194824e-01
6.160666346549987793e-01
-8.479710817337036133e-01
2.263611555099487305e-01
3.684457540512084961e-01
7.156118154525756836e-01
9.598735570907592773e-01
-5.672379732131958008e-01
1.208220005035400391e+00
-6.997541189193725586e-01
-7.422156631946563721e-03
-6.248689293861389160e-01
4.226756691932678223e-01
-2.459563255310058594e+00
-2.240010976791381836e+00
-1.075027704238891602e+00
6.844818592071533203e-01
6.962599158287048340e-01
-2.018869221210479736e-01
-8.870646357536315918e-01
6.205692291259765625e-01
-3.644247353076934814e-01
-7.652264088392257690e-03
4.594362974166870117e-01
-1.329708337783813477e+00
1.055121302604675293e+00
3.134042024612426758e-01
-2.475352212786674500e-02
3.878855407238006592e-01
5.947512984275817871e-01
7.584720849990844727e-01
2.871790528297424316e-01
1.558333039283752441e+00
6.722928285598754883e-01
1.695460438728332520e+00
-1.894469261169433594e+00
3.087620139122009277e-01
-6.940129995346069336e-01
-8.786021918058395386e-02
-3.630213141441345215e-01
8.521729707717895508e-01
-1.183418989181518555e+00
1.694360136985778809e+00
-1.390500187873840332e+00
1.143621444702148438e+00
-6.337850093841552734e-01
8.848016262054443359e-01
-5.969007313251495361e-02
-5.543980598449707031e-01
-1.944475471973419189e-01
5.114427208900451660e-01
2.545276284217834473e-01
3.526235818862915039e-01
2.093743801116943359e+00
-1.035103797912597656e+00
5.732153356075286865e-02
2.140372842550277710e-01
4.543967843055725098e-01
1.858096718788146973e+00
1.467054724693298340e+00
-1.397483348846435547e+00
2.119782924652099609e+00
-7.764159440994262695e-01
-2.317874729633331299e-01
-1.198788404464721680e+00
4.913268983364105225e-02
-2.722087502479553223e-01
-5.095832347869873047e-01
4.869017601013183594e-01
1.418799757957458496e-01
-1.651878505945205688e-01
-6.477087736129760742e-01
6.033325791358947754e-01
-1.767957091331481934e+00
1.240416646003723145e+00
1.029374480247497559e+00
2.333003759384155273e+00
-6.955963373184204102e-02
-2.497356384992599487e-02
1.652533113956451416e-01
-1.402376055717468262e+00
6.436892747879028320e-01
7.718351483345031738e-01
-1.505315542221069336e+00
-3.333988413214683533e-02
-5.860932469367980957e-01
7.206284999847412109e-02
-4.384701550006866455e-01
-3.359321504831314087e-02
3.225843012332916260e-01
-2.809439659118652344e+00
8.762710094451904297e-01
-1.277259588241577148e+00
-1.431698948144912720e-01
7.782014608383178711e-01
-1.817743659019470215e+00
-7.126394510269165039e-01
1.153946995735168457e+00
-2.060329437255859375e+00
-9.626942127943038940e-02
-1.229229927062988281e+00
-2.191165208816528320e+00
8.563261032104492188e-01
-4.053266048431396484e-01
1.429238319396972656e+00
-1.641443490982055664e+00
1.011702775955200195e+00
6.839263439178466797e-01
1.091181263327598572e-01
1.307525634765625000e+00
2.638030648231506348e-01
-2.478539496660232544e-01
-1.492829680442810059e+00
-2.747534215450286865e-01
-1.000000834465026855e+00
-5.511075258255004883e-01
-5.445753931999206543e-01
-2.597297191619873047e+00
3.356126546859741211e-01
-4.341988265514373779e-01
-8.889523148536682129e-01
8.431326746940612793e-01
-2.336521893739700317e-01
-2.827245742082595825e-02
7.833379507064819336e-01
-3.992483019828796387e-02
-6.396929025650024414e-01
-2.404337882995605469e+00
5.568332076072692871e-01
1.094692707061767578e+00
2.705282926559448242e+00
6.363837718963623047e-01
-1.738657355308532715e-01
-9.346479177474975586e-01
-1.774421334266662598e-02
-1.007845282554626465e+00
1.600823402404785156e-01
4.178520441055297852e-01
-4.936657547950744629e-01
1.300338864326477051e+00
-9.870656728744506836e-01
-6.616153717041015625e-01
-1.065704464912414551e+00
-2.069013267755508423e-01
9.894919991493225098e-01
4.871807992458343506e-01
6.530063152313232422e-01
-6.215752363204956055e-01
-1.314553976058959961e+00
-1.239029884338378906e+00
2.290514409542083740e-01
6.538818478584289551e-01
-8.060449361801147461e-01
9.897905588150024414e-02
-2.244867756962776184e-02
1.248760223388671875e+00
-2.619660854339599609e+00
-1.278042942285537720e-01
4.453617036342620850e-01
1.460052251815795898e+00
5.693855285644531250e-01
3.764210343360900879e-01
-1.492177248001098633e-01
-1.201902508735656738e+00
1.667014479637145996e+00
2.666383385658264160e-01
-4.324818253517150879e-01
-6.719051599502563477e-01
-2.778639197349548340e-01
-6.940587759017944336e-01
6.945108771324157715e-01
2.785578370094299316e-01
5.384879931807518005e-02
-1.274220228195190430e+00
-6.068375110626220703e-01
-1.412734687328338623e-01
5.166898369789123535e-01
-9.436272382736206055e-01
5.507065057754516602e-01
4.593332409858703613e-01
-3.445859253406524658e-01
9.441885352134704590e-01
1.925782322883605957e+00
-7.386968135833740234e-01
5.329582095146179199e-01
6.448413133621215820e-01
-1.463055372238159180e+00
-2.101940810680389404e-01
1.138350248336791992e+00
1.589739441871643066e+00
4.416457116603851318e-01
4.481478333473205566e-01
5.595400929450988770e-01
-5.724549293518066406e-01
7.224445939064025879e-01
-1.385608792304992676e+00
-5.816871523857116699e-01
1.887661933898925781e+00
1.327661514282226562e+00
1.132727622985839844e+00
1.223964810371398926e+00
-6.929926276206970215e-01
1.976586431264877319e-01
-5.175120383501052856e-02
4.615767002105712891e-01
-1.297809720039367676e+00
-5.635263919830322266e-01
1.828889846801757812e+00
-5.010635256767272949e-01
-5.884245783090591431e-02
2.764955461025238037e-01
-4.623161256313323975e-01
7.465721368789672852e-01
-1.086720824241638184e-01
2.589839100837707520e-01
-1.090854257345199585e-01
5.172882080078125000e-01
-1.405076503753662109e+00
8.095487356185913086e-01
-1.825316905975341797e+00
-8.136601448059082031e-01
-1.739979982376098633e+00
-4.056488275527954102e-01
1.132886528968811035e+00
1.738598197698593140e-01
-5.732124447822570801e-01
5.532083511352539062e-01
9.439954161643981934e-01
6.203344464302062988e-02
8.037011623382568359e-01
-2.164237499237060547e-01
1.070957899093627930e+00
-6.433615833520889282e-02
3.399454653263092041e-01
9.929507225751876831e-02
1.427383124828338623e-01
-8.095373958349227905e-02
1.870290994644165039e+00
-3.168006539344787598e-01
-2.293461561203002930e-01
2.523172497749328613e-01
-7.472636699676513672e-01
-1.033538341522216797e+00
6.457582712173461914e-01
-1.011707544326782227e+00
1.042546749114990234e+00
1.933985710144042969e+00
-8.473952412605285645e-01
9.310419857501983643e-02
-1.923185944557189941e+00
1.637750387191772461e+00
9.411395192146301270e-01
-1.545444250106811523e+00
-3.116240501403808594e-01
2.070635557174682617e-01
-1.206974983215332031e-01
-3.939275145530700684e-01
1.682912230491638184e+00
1.530648022890090942e-01
-2.541780173778533936e-01
1.252966642379760742e+00
6.712471246719360352e-01
1.602984786033630371e+00
-1.163099333643913269e-01
-9.770984649658203125e-01
-2.251058340072631836e+00
1.571148186922073364e-01
2.836821079254150391e-01
3.791019618511199951e-01
4.313683807849884033e-01
-5.075684785842895508e-01
1.686002463102340698e-01
5.458954572677612305e-01
6.369158029556274414e-01
8.983322381973266602e-01
-1.005243062973022461e+00
-2.502585411071777344e+00
-2.371121942996978760e-01
-8.999742865562438965e-01
-5.145299434661865234e-01
-1.368501186370849609e+00
-4.779116213321685791e-01
-5.731368660926818848e-01
2.933332324028015137e-01
-8.519799113273620605e-01
1.142453908920288086e+00
-1.541915833950042725e-01
-9.226497262716293335e-03
-1.009709239006042480e+00
3.506430089473724365e-01
1.276596903800964355e+00
-1.252841711044311523e+00
9.150405228137969971e-02
7.410126924514770508e-01
-6.285190582275390625e-01
1.106513023376464844e+00
1.544253349304199219e+00
-1.802275061607360840e+00
1.200174450874328613e+00
-6.129316240549087524e-02
-3.797452151775360107e-01
-5.394898056983947754e-01
-5.884892344474792480e-01
-9.363072514533996582e-01
3.917756080627441406e-01
-8.332337141036987305e-01
-1.095427572727203369e-01
-3.297930657863616943e-01
-7.819038629531860352e-01
-4.165687859058380127e-01
-6.219035983085632324e-01
1.812600940465927124e-01
-7.169067263603210449e-01
2.274065166711807251e-01
-3.683363795280456543e-01
8.438436388969421387e-01
3.556357920169830322e-01
-5.280412435531616211e-01
8.183013200759887695e-01
-1.489733755588531494e-01
1.568890094757080078e+00
1.406757533550262451e-01
-1.329393506050109863e+00
-1.288101911544799805e+00
-2.358094751834869385e-01
-1.573166251182556152e-01
2.452239096164703369e-01
8.267292380332946777e-02
-1.726568192243576050e-01
-8.016590476036071777e-01
8.700866103172302246e-01
3.194522559642791748e-01
2.665416598320007324e-01
1.346914887428283691e+00
8.760362863540649414e-01
8.598364591598510742e-01
1.074789643287658691e+00
-7.535213232040405273e-01
6.513358950614929199e-01
-5.115979313850402832e-01
1.011176586151123047e+00
-1.219371914863586426e+00
-8.283424377441406250e-01
1.707461595535278320e+00
-1.205092430114746094e+00
-7.788894176483154297e-01
-2.731682360172271729e-01
-1.202606081962585449e+00
-2.890133261680603027e-01
1.423913717269897461e+00
-1.082935810089111328e+00
-1.874512672424316406e+00
1.442692041397094727e+00
6.297893524169921875e-01
2.118750572204589844e+00
-1.275344014167785645e+00
-8.061110973358154297e-01
5.936354994773864746e-01
-5.547493696212768555e-01
1.427189230918884277e+00
-5.537614822387695312e-01
-2.023762762546539307e-01
5.116572380065917969e-01
1.765555143356323242e+00
1.278932571411132812e+00
-7.491255998611450195e-01
-7.291789650917053223e-01
1.853258460760116577e-01
-4.875931143760681152e-02
1.462859749794006348e+00
-1.208141565322875977e+00
-5.271903276443481445e-01
1.678986787796020508e+00
-4.837155938148498535e-01
-1.804720461368560791e-01
7.681872248649597168e-01
9.679768085479736328e-01
5.902371406555175781e-01
2.162824869155883789e+00
4.198504686355590820e-01
-5.938209891319274902e-01
-5.071846246719360352e-01
-1.192223280668258667e-01
-2.869067907333374023e+00
1.071203708648681641e+00
1.281353831291198730e+00
1.270027160644531250e+00
-4.764652252197265625e-01
-6.536480188369750977e-01
3.802675902843475342e-01
-8.267457783222198486e-02
-2.360840320587158203e+00
-1.318055152893066406e+00
-3.457555174827575684e-02
-5.452511906623840332e-01
-1.764817088842391968e-01
-1.922780573368072510e-01
-4.274575710296630859e-01
2.195892810821533203e+00
6.430020928382873535e-01
7.870825529098510742e-01
4.450435340404510498e-01
-4.396963715553283691e-01
6.446273922920227051e-01
3.706262707710266113e-01
-3.539140224456787109e-01
-2.041489332914352417e-01
1.020590066909790039e+00
8.664117455482482910e-01
-1.403207421302795410e+00
-6.237826496362686157e-02
1.058731079101562500e+00
-4.202739894390106201e-01
-9.125555306673049927e-02
-5.108159780502319336e-01
3.373411595821380615e-01
1.276363372802734375e+00
2.623170614242553711e-01
1.292506694793701172e+00
5.597497224807739258e-01
7.718399763107299805e-01
-1.694413185119628906e+00
-1.323666095733642578e+00
8.750012516975402832e-01
-9.400899410247802734e-01
-1.105171680450439453e+00
3.543382585048675537e-01
-2.371894717216491699e-01
9.070796370506286621e-01
-6.519057154655456543e-01
-8.470238447189331055e-01
7.751115560531616211e-01
2.953237593173980713e-01
-3.137923479080200195e-01
-4.735016822814941406e-01
5.233294144272804260e-02
6.798388957977294922e-01
-1.579925775527954102e+00
6.448957324028015137e-01
-6.314908266067504883e-01
2.700579166412353516e-01
2.459827959537506104e-01
-1.086794972419738770e+00
-1.193338751792907715e+00
-4.230342507362365723e-01
-9.953796863555908203e-01
-3.631389141082763672e-01
1.352916955947875977e+00
-1.378282070159912109e+00
-2.338737547397613525e-01
9.117645025253295898e-01
8.939211964607238770e-01
7.024450600147247314e-02
-2.046991884708404541e-01
2.106309890747070312e+00
-2.569736540317535400e-01
-2.177118062973022461e-01
7.992393374443054199e-01
3.216193616390228271e-01
3.863750100135803223e-01
2.651366293430328369e-01
-1.683162927627563477e+00
-3.686659634113311768e-01
1.996008455753326416e-01
-4.285915493965148926e-01
-9.092897176742553711e-01
-9.267615079879760742e-01
1.168486475944519043e+00
2.084744572639465332e-01
-5.306797623634338379e-01
-1.773134589195251465e+00
-3.829369843006134033e-01
1.234944343566894531e+00
-1.633750349283218384e-01
8.769378662109375000e-01
8.961293101310729980e-01
-8.594918251037597656e-01
-4.803632795810699463e-01
3.354497253894805908e-01
1.085606217384338379e+00
-4.778952002525329590e-01
-2.591823816299438477e+00
-1.203651666641235352e+00
3.141502618789672852e+00
-6.684272736310958862e-02
-1.488716483116149902e+00
3.751727342605590820e-01
2.836315631866455078e-01
7.144907712936401367e-01
6.669445037841796875e-01
-9.014396667480468750e-01
8.174523711204528809e-03
6.603604555130004883e-01
2.961561679840087891e-01
8.220030069351196289e-01
7.063625454902648926e-01
-5.397428274154663086e-01
-1.191594839096069336e+00
-1.943318992853164673e-01
-4.382329583168029785e-01
-1.489305853843688965e+00
1.831073760986328125e-01
7.527789473533630371e-01
1.741632938385009766e+00
5.366684794425964355e-01
-5.549357086420059204e-02
3.156740069389343262e-01
1.796231627464294434e+00
2.260924428701400757e-01
3.210973143577575684e-01
-1.204693913459777832e+00
-2.087686657905578613e-01
-2.279534935951232910e-03
2.076147317886352539e+00
-1.623683810234069824e+00
-1.229495048522949219e+00
-1.540996134281158447e-01
1.440002441406250000e+00
4.593803882598876953e-01
7.916378378868103027e-01
7.942144870758056641e-01
-9.380624294281005859e-01
-1.420228779315948486e-01
-3.839592635631561279e-01
1.103022336959838867e+00
-2.404556035995483398e+00
-1.084803223609924316e+00
1.408898234367370605e-01
-5.244368314743041992e-01
-3.567621409893035889e-01
-8.870973587036132812e-01
3.531095981597900391e-01
8.848379850387573242e-01
-4.491668045520782471e-01
4.152038097381591797e-01
4.023670554161071777e-01
-7.304183244705200195e-01
1.684455424547195435e-01
7.124152183532714844e-01
-9.508243799209594727e-01
1.039481520652770996e+00
6.056458950042724609e-01
-1.737291216850280762e-01
1.117305040359497070e+00
-1.232768744230270386e-01
8.518011569976806641e-01
1.318092942237854004e+00
-5.468332767486572266e-01
1.809197366237640381e-01
-4.742728471755981445e-01
-6.142133474349975586e-01
-2.119245767593383789e+00
2.972035706043243408e-01
1.193379163742065430e+00
7.427032589912414551e-01
-1.217970609664916992e+00
2.558417618274688721e-01
-7.533178329467773438e-01
3.399676382541656494e-01
-7.784959673881530762e-02
1.213833466172218323e-01
8.775095939636230469e-01
-2.704460620880126953e-01
-1.098849847912788391e-01
-1.571971178054809570e+00
1.212494492530822754e+00
-7.271712422370910645e-01
8.984491825103759766e-01
-4.307866990566253662e-01
-8.553952574729919434e-01
1.326960444450378418e+00
-1.148236021399497986e-01
-1.384470582008361816e+00
1.837640762329101562e+00
-1.117535352706909180e+00
8.123269677162170410e-01
-1.117928862571716309e+00
-1.163403391838073730e+00
-1.101657003164291382e-02
4.218838214874267578e-01
2.138696908950805664e-01
1.243931174278259277e+00
-7.589510083198547363e-01
-3.161184489727020264e-01
1.503647118806838989e-02
-1.387057781219482422e+00
9.706008434295654297e-01
7.842903137207031250e-01
6.613860726356506348e-01
1.001708388328552246e+00
-1.795886456966400146e-01
-2.992135584354400635e-01
-1.501195132732391357e-01
4.841796755790710449e-01
-5.529423952102661133e-01
-7.131037116050720215e-01
3.599449694156646729e-01
-1.457484602928161621e+00
2.552138566970825195e-01
1.171178936958312988e+00
-8.295094370841979980e-01
1.299123764038085938e+00
-2.536408185958862305e+00
1.354272723197937012e+00
-2.511121511459350586e+00
-5.188891291618347168e-01
1.133698463439941406e+00
-1.208953738212585449e+00
5.087509155273437500e-01
2.698309719562530518e-01
-8.174667358398437500e-01
-8.562722802162170410e-01
-6.213393807411193848e-01
-1.243661284446716309e+00
-9.156758189201354980e-01
8.997634053230285645e-03
1.534979104995727539e+00
-1.202217936515808105e-01
1.423587679862976074e+00
9.429114460945129395e-01
1.270795583724975586e+00
7.924807667732238770e-01
1.751181483268737793e+00
1.241541743278503418e+00
-2.972671985626220703e-01
2.775687277317047119e-01
4.776335358619689941e-01
-6.595767140388488770e-01
-1.371740102767944336e+00
-6.765717267990112305e-01
1.235041379928588867e+00
2.150380164384841919e-01
-2.358008176088333130e-01
6.700301766395568848e-01
5.086367130279541016e-01
-3.395855128765106201e-01
5.985364913940429688e-01
9.544229507446289062e-01
9.864506125450134277e-01
-6.346400380134582520e-01
3.178055882453918457e-01
9.450476169586181641e-01
9.282411336898803711e-01
-7.732365727424621582e-01
2.500083148479461670e-01
2.104253768920898438e-01
-2.699058651924133301e-01
-1.094678044319152832e+00
1.248578727245330811e-02
3.969883322715759277e-01
-6.386704444885253906e-01
1.666504383087158203e+00
2.035504728555679321e-01
-8.500515818595886230e-01
7.029052972793579102e-01
-3.165214657783508301e-01
3.227956593036651611e-02
8.796116113662719727e-01
5.036052465438842773e-01
-8.724092841148376465e-01
-2.246215939521789551e-03
-1.143875122070312500e+00
1.108090639114379883e+00
2.113074064254760742e-03
-1.134862899780273438e+00
5.094672441482543945e-01
4.012013226747512817e-02
-3.165800571441650391e-01
-8.775599598884582520e-01
1.711139380931854248e-01
-1.981553286314010620e-01
1.332668066024780273e+00
5.979147553443908691e-02
1.001423820853233337e-01
-6.937482208013534546e-02
-5.398724079132080078e-01
1.510801196098327637e+00
1.152836799621582031e+00
1.235307574272155762e+00
-1.250342726707458496e+00
-1.326343894004821777e+00
5.978516340255737305e-01
-4.391956031322479248e-01
4.961167871952056885e-01
-1.430943608283996582e-01
1.721774637699127197e-01
-1.136830329895019531e+00
-4.749513864517211914e-01
8.059406280517578125e-01
-6.975370049476623535e-01
5.896663665771484375e-01
-5.221031904220581055e-01
-1.500480771064758301e-01
2.527939677238464355e-01
1.302967667579650879e+00
-5.280452966690063477e-01
-8.569063618779182434e-03
-1.703224703669548035e-02
-6.786823272705078125e-01
-5.189184546470642090e-01
-7.522731423377990723e-01
1.870368003845214844e+00
6.403756141662597656e-01
5.501894354820251465e-01
-6.046677827835083008e-01
1.711257100105285645e-01
6.631084680557250977e-01
-5.544357299804687500e-01
-6.179809570312500000e-01
-9.558727741241455078e-01
-4.789724946022033691e-01
-1.246525049209594727e-01
8.958060145378112793e-01
-1.308466672897338867e+00
4.203073084354400635e-01
4.498545527458190918e-01
4.687348008155822754e-01
-2.191050350666046143e-01
1.064816236495971680e+00
3.968831300735473633e-01
-3.613613843917846680e-01
-8.958886861801147461e-01
7.451223731040954590e-01
-9.908390045166015625e-01
1.301766395568847656e+00
-7.511888146400451660e-01
8.319019079208374023e-01
1.380179643630981445e+00
1.519111394882202148e-01
2.145167887210845947e-01
-1.568630814552307129e+00
-1.272654294967651367e+00
-8.094161748886108398e-01
-1.613922119140625000e-01
9.273794889450073242e-01
-9.602465033531188965e-01
-4.794425368309020996e-01
-2.764726579189300537e-01
1.791366040706634521e-01
-8.892685174942016602e-01
-1.167360320687294006e-01
1.117865681648254395e+00
-9.350564479827880859e-01
1.476842284202575684e+00
-1.691299527883529663e-01
1.967999935150146484e-01
-7.372390627861022949e-01
5.005651712417602539e-01
1.040610194206237793e+00
1.999174594879150391e+00
1.508674323558807373e-01
1.448723673820495605e-01
-4.397889673709869385e-01
9.212278723716735840e-01
-4.725758433341979980e-01
-1.151097059249877930e+00
-8.759253621101379395e-01
1.379512906074523926e+00
4.874972105026245117e-01
1.773420721292495728e-01
-9.359495043754577637e-01
6.703650951385498047e-02
-1.176057606935501099e-01
1.010868430137634277e+00
-2.254023402929306030e-01
-7.943956255912780762e-01
-2.206795066595077515e-01
-1.196403503417968750e+00
5.442004203796386719e-01
5.770909190177917480e-01
-7.167189121246337891e-01
-8.911403417587280273e-01
6.027358174324035645e-01
2.172639846801757812e+00
1.018322229385375977e+00
-1.219997927546501160e-01
-1.165513873100280762e+00
-1.138208508491516113e-01
4.111687839031219482e-01
1.155220046639442444e-01
8.001716136932373047e-01
4.579077661037445068e-01
-2.197409123182296753e-01
-5.956088900566101074e-01
1.204032897949218750e+00
-1.276000499725341797e+00
7.798191308975219727e-01
4.279574751853942871e-01
-1.204970717430114746e+00
-7.376753091812133789e-01
-7.880241274833679199e-01
-4.458712413907051086e-02
8.342801928520202637e-01
1.209334254264831543e+00
-5.274013280868530273e-01
2.349365651607513428e-01
-3.790043592453002930e-01
-9.098321199417114258e-03
-2.034161686897277832e-01
-2.990944683551788330e-01
-6.247739195823669434e-01
1.598104953765869141e+00
1.486570239067077637e+00
-4.537409543991088867e-01
-7.653867602348327637e-01
5.575407743453979492e-01
-1.172823190689086914e+00
5.842700600624084473e-01
1.984299421310424805e-01
-1.253282904624938965e+00
-1.020424291491508484e-01
-1.236186385154724121e+00
-1.573880076408386230e+00
-3.065844178199768066e-01
-2.534729242324829102e-01
-8.623245358467102051e-01
-2.444356679916381836e-02
6.314596533775329590e-01
-8.103880286216735840e-02
-5.584565401077270508e-01
-1.457992434501647949e+00
-1.211381435394287109e+00
-5.459663271903991699e-01
7.664555311203002930e-01
-1.236898675560951233e-01
1.734551548957824707e+00
-1.466058790683746338e-01
-6.394022703170776367e-01
1.107296705245971680e+00
5.723205804824829102e-01
-2.469323277473449707e-01
-5.035325288772583008e-01
1.391950845718383789e+00
3.423001766204833984e-01
-5.862382650375366211e-01
-4.379861354827880859e-01
6.577025651931762695e-01
1.305737614631652832e+00
-3.680244833230972290e-02
-9.257429838180541992e-01
7.346529960632324219e-01
-3.188078999519348145e-01
2.066547423601150513e-02
-2.259707450866699219e-01
-1.565469741821289062e+00
3.919269740581512451e-01
-2.105940133333206177e-01
8.183382153511047363e-01
-6.432161927223205566e-01
-1.095056772232055664e+00
2.786830067634582520e-03
1.170651078224182129e+00
6.156185269355773926e-02
-1.263256192207336426e+00
-1.277187824249267578e+00
6.341627836227416992e-01
-7.752136588096618652e-01
-1.262961030006408691e+00
-7.366244792938232422e-01
-6.795138120651245117e-01
-2.264016151428222656e+00
2.934995591640472412e-01
-6.006757616996765137e-01
-8.379423618316650391e-02
-1.244439601898193359e+00
-4.267484545707702637e-01
8.546619415283203125e-01
-1.728101223707199097e-01
1.101083233952522278e-01
1.945799112319946289e+00
2.246938049793243408e-01
3.233947455883026123e-01
1.646131277084350586e-03
1.098332643508911133e+00
8.445879817008972168e-01
1.231344103813171387e+00
1.273062467575073242e+00
1.280773401260375977e+00
-4.374145865440368652e-01
6.197280287742614746e-01
5.081228911876678467e-02
4.086280167102813721e-01
-2.748536169528961182e-01
-9.610145688056945801e-01
1.493026733398437500e+00
-1.198899626731872559e+00
-5.221861600875854492e-01
2.862649559974670410e-01
3.965205848217010498e-01
5.602504014968872070e-01
2.175332069396972656e+00
-1.239799737930297852e+00
-1.291115880012512207e-01
-3.087869286537170410e-01
-1.161089092493057251e-01
-8.143143057823181152e-01
1.426641583442687988e+00
-3.373777270317077637e-01
4.774988293647766113e-01
-2.730489373207092285e-01
3.167196512222290039e-01
-6.472037434577941895e-01
3.526670634746551514e-01
-2.047907829284667969e+00
4.769428372383117676e-01
4.236616939306259155e-02
-3.735905587673187256e-01
4.717422425746917725e-01
-1.283627510070800781e+00
1.466608643531799316e+00
1.328804254531860352e+00
2.426871210336685181e-01
-2.061993479728698730e-01
-1.664439141750335693e-01
-7.640184164047241211e-01
9.871639013290405273e-01
1.544379442930221558e-01
5.405516624450683594e-01
-5.612424015998840332e-02
3.469415903091430664e-01
1.399993449449539185e-01
-1.522645711898803711e+00
-1.064527869224548340e+00
-5.954083800315856934e-01
-8.221916556358337402e-01
2.135212868452072144e-01
1.152977824211120605e+00
-9.204983711242675781e-03
2.733737826347351074e-01
-6.897653639316558838e-02
6.509554982185363770e-01
7.262363284826278687e-02
-6.678064465522766113e-01
1.222603321075439453e+00
-4.757726788520812988e-01
8.019542098045349121e-01
-1.474950909614562988e+00
-2.222723007202148438e+00
-1.364843845367431641e-01
5.753778219223022461e-01
-4.438769519329071045e-01
-3.464341461658477783e-01
-3.431368768215179443e-01
-6.619648933410644531e-01
-1.082719087600708008e+00
-9.367622733116149902e-01
-1.565564721822738647e-01
-5.061019659042358398e-01
-6.517963409423828125e-01
-1.401750087738037109e+00
-2.592867612838745117e-02
-7.953245639801025391e-01
4.178553819656372070e-03
3.662782311439514160e-01
-3.084333539009094238e-01
-1.590547859668731689e-01
-2.515203356742858887e-01
1.953536868095397949e-01
-3.084684014320373535e-01
8.055289387702941895e-01
-7.430206239223480225e-02
-1.030911326408386230e+00
5.870956182479858398e-01
2.209272861480712891e+00
5.517928600311279297e-01
-1.242060422897338867e+00
3.429152369499206543e-01
3.288951516151428223e-01
5.869310498237609863e-01
8.294779658317565918e-01
4.510255753993988037e-01
7.363024353981018066e-02
8.320302963256835938e-01
-1.319258809089660645e+00
-3.214647769927978516e-01
3.686580657958984375e-01
-1.140865683555603027e+00
-2.361234426498413086e+00
-9.007015824317932129e-02
1.324600338935852051e+00
8.476852178573608398e-01
-1.511816501617431641e+00
-1.266895413398742676e+00
2.463428825139999390e-01
5.381652116775512695e-01
-9.504056572914123535e-01
2.903006076812744141e-01
5.233455896377563477e-01
1.441552489995956421e-01
-1.170713901519775391e+00
-1.385994553565979004e-01
-2.159838229417800903e-01
6.120632886886596680e-01
-2.356060504913330078e+00
-1.099118351936340332e+00
6.643249392509460449e-01
1.533151030540466309e+00
-1.064967751502990723e+00
1.137446239590644836e-01
-8.777362704277038574e-01
5.860532522201538086e-01
3.059453666210174561e-01
7.219684720039367676e-01
6.343424320220947266e-01
8.819681406021118164e-01
4.999795556068420410e-01
2.832413613796234131e-01
1.088360667228698730e+00
1.343792676925659180e-01
-8.189142346382141113e-01
-7.036312222480773926e-01
-4.103523790836334229e-01
-7.170185446739196777e-01
-1.917592644691467285e+00
6.488398313522338867e-01
-1.839724481105804443e-01
7.540543079376220703e-01
1.107756257057189941e+00
7.203978300094604492e-01
2.338629364967346191e-01
2.829711437225341797e-01
-9.318311214447021484e-01
-2.773271501064300537e-01
-8.858115077018737793e-01
2.319633215665817261e-01
7.313182950019836426e-01
1.948017030954360962e-01
-9.872820377349853516e-01
-5.310978889465332031e-01
-8.090396225452423096e-02
1.456713378429412842e-01
3.961892426013946533e-01
6.993260383605957031e-01
3.781605660915374756e-01
-3.438564538955688477e-01
-1.585681915283203125e+00
-1.149057745933532715e+00
2.134421467781066895e-02
-1.628308653831481934e+00
9.557940959930419922e-01
-1.762295663356781006e-01
4.876460433006286621e-01
-4.464632570743560791e-01
-6.292111873626708984e-01
8.776454627513885498e-02
-1.133856296539306641e+00
3.011815547943115234e-01
2.173770904541015625e+00
-1.443112373352050781e+00
1.702692359685897827e-01
2.576377093791961670e-01
-1.570662498474121094e+00
-7.819432020187377930e-01
4.019026458263397217e-01
1.014222383499145508e+00
3.923622369766235352e-01
1.366555318236351013e-02
3.344146966934204102e+00
9.540932774543762207e-01
1.420477032661437988e-01
9.424146264791488647e-02
-1.149249434471130371e+00
2.960282564163208008e-01
-9.387617707252502441e-01
1.281465649604797363e+00
8.260569572448730469e-01
1.573537826538085938e+00
-7.783763408660888672e-01
3.595921993255615234e-01
-1.294454783201217651e-01
4.993070289492607117e-02
9.439274072647094727e-01
-4.042726159095764160e-01
-4.609045088291168213e-01
-9.288518428802490234e-01
-8.591719865798950195e-01
-8.161678314208984375e-01
9.665394425392150879e-01
-5.184903144836425781e-01
7.675568461418151855e-01
7.743479013442993164e-01
2.484946697950363159e-01
1.762756586074829102e+00
1.396584868431091309e+00
-8.741952180862426758e-01
8.653385043144226074e-01
-2.206380844116210938e+00
-5.007538795471191406e-01
4.106154739856719971e-01
-1.113887786865234375e+00
-1.660089343786239624e-01
-1.051853060722351074e+00
2.149032056331634521e-01
5.281814932823181152e-01
-9.326849579811096191e-01
1.598639965057373047e+00
-2.834684848785400391e-01
6.685174703598022461e-01
5.288687944412231445e-01
8.576221466064453125e-01
1.120052933692932129e+00
1.264963150024414062e+00
-9.461799263954162598e-01
2.889457046985626221e-01
1.170252442359924316e+00
